Eae Geomar, copiar e colar essas inputs quando rodar o algorítimo
input 1:
8
11
0,3,3
1,2,2
1,6,8
2,4,1
2,5,7
3,6,5
3,7,4
4,7,9
5,6,4
5,7,2
6,7,3

input 2:
8
7
0,1,1
2,4,7
2,6,8
3,7,5
4,6,6
4,7,4
5,7,9

input 3:
8
10
0,1,2
0,2,7
0,4,6
1,2,3
1,5,5
1,6,9
2,4,2
2,6,3
3,5,7
6,7,9

input 4:
18
32
0,1,3
0,2,9
0,7,9
0,14,8
1,4,7
1,5,7
2,5,9
3,8,6
3,10,3
3,17,8
4,5,7
4,7,9
4,8,5
5,6,6
5,8,2
6,8,9
6,10,2
7,8,2
7,11,4
7,14,1
8,9,9
8,11,6
8,12,9
9,10,2
9,12,7
9,13,4
11,12,8
11,14,9
11,15,3
12,13,1
12,15,6
14,15,3